1
10000
1405
10
201830
Tusk
1406
12
201910
Tiny
1805
10
201830
Sven
1005
11
201830
Riki
2401
9
201830
Lina
0
1
10001
2404
11
201830
Rylai
2402
11
201830
Boush
2804
9
201910
Invoker
2406
9
201910
Kardel
3000
-1
201910
Jakiro
0
1
10002
1406
4
201910
Lanaya
3804
4
201910
Rubick
3007
3
201910
Donte
2406
4
201910
Kardel
1406
3
201830
Tresdin
0
1
10003
1405
-1
201830
Tusk
1406
-1
201910
Tiny
1805
-1
201830
Sven
1005
-1
201830
Riki
2401
-1
201830
Lina
0
1
10004
2404
11
201830
Rylai
2402
11
201830
Boush
2804
12
201910
Invoker
2406
12
201910
Kardel
3000
10
201910
Jakiro
0
1
10005
1406
3
201910
Lanaya
3804
2
201910
Rubick
3007
5
201910
Donte
2406
10
201910
Kardel
1406
3
201830
Tresdin
0
1
10006
1405
5
201830
Tusk
1406
-1
201910
Tiny
1805
10
201830
Sven
1005
11
201830
Riki
2401
12
201830
Lina
0
1
10007
2404
11
201830
Rylai
2402
12
201830
Boush
2804
4
201910
Invoker
2406
12
201910
Kardel
3000
10
201910
Jakiro
0
1
10008
2404
10
201830
Rylai
2402
5
201830
Boush
2804
7
201910
Invoker
2406
11
201910
Kardel
3000
10
201910
Jakiro
0
1
10009
1406
6
201910
Lanaya
3804
4
201910
Rubick
3007
8
201910
Donte
2406
8
201910
Kardel
1406
12
201830
Tresdin
0
1
10010
1405
10
201830
Tusk
1406
12
201910
Tiny
1805
10
201830
Sven
1005
11
201830
Riki
2401
9
201830
Lina
0
1
10011
2404
11
201830
Rylai
2402
11
201830
Boush
2804
9
201910
Invoker
2406
9
201910
Kardel
3000
9
201910
Jakiro
0
1
10012
1406
7
201910
Lanaya
3804
0
201910
Rubick
3007
6
201910
Donte
2406
12
201910
Kardel
1406
8
201830
Tresdin
0
1
10013
1405
4
201830
Tusk
1406
3
201910
Tiny
1805
1
201830
Sven
1005
-1
201830
Riki
2401
2
201830
Lina
0
1
10014
2404
-1
201830
Rylai
2402
11
201830
Boush
2804
-1
201830
Yurnero
2406
12
201910
Auriel
3000
-1
201830
Mireska
0
0
0
